CAM	participantCAM	id	daughterID	motherID	intensity	agreement	isBidirectional	isDeletable	isActive
2727	urltest35_2727	36840	40291	40289	6	0	1	NA	NA
2727	urltest35_2727	36839	40289	40288	6	1	0	NA	NA
2727	urltest35_2727	36837	40286	40291	6	1	0	NA	NA
2727	urltest35_2727	36835	40286	40289	6	0	1	NA	NA
2727	urltest35_2727	36833	40292	40293	6	1	0	NA	NA
2727	urltest35_2727	36831	40285	40293	6	1	1	NA	NA
2727	urltest35_2727	36830	40285	40287	6	1	1	NA	NA
2727	urltest35_2727	36828	40285	40288	6	1	1	NA	NA
2731	urltest36_2731	36853	40317	40316	6	1	1	NA	NA
2731	urltest36_2731	36852	40317	40315	6	1	1	NA	NA
2731	urltest36_2731	36849	40312	40314	6	1	1	NA	NA
2731	urltest36_2731	36848	40312	40311	6	1	1	NA	NA
2731	urltest36_2731	36847	40312	40313	6	1	1	NA	NA
2736	urltest43_2736	36892	40332	40354	6	1	0	NA	NA
2736	urltest43_2736	36888	40331	40353	6	1	0	NA	NA
2736	urltest43_2736	36887	40346	40347	6	1	0	NA	NA
2736	urltest43_2736	36886	40346	40331	6	1	0	NA	NA
2736	urltest43_2736	36885	40332	40331	6	1	0	NA	NA
2736	urltest43_2736	36883	40334	40343	6	1	0	NA	NA
2736	urltest43_2736	36881	40342	40329	6	0	0	NA	NA
2736	urltest43_2736	36880	40340	40342	6	1	0	NA	NA
2736	urltest43_2736	36879	40340	40334	6	1	0	NA	NA
2736	urltest43_2736	36878	40339	40334	6	1	0	NA	NA
2736	urltest43_2736	36874	40331	40337	6	0	0	NA	NA
2736	urltest43_2736	36873	40331	40336	6	1	1	NA	NA
2736	urltest43_2736	36869	40332	40335	6	1	0	NA	NA
2736	urltest43_2736	36867	40331	40332	9	1	0	NA	NA
2736	urltest43_2736	36866	40329	40331	9	1	0	NA	NA
2735	urltest44_2735	36884	40326	40344	6	1	1	NA	NA
2735	urltest44_2735	36882	40326	40341	6	1	1	NA	NA
2735	urltest44_2735	36877	40326	40328	6	1	0	NA	NA
2735	urltest44_2735	36876	40338	40330	6	1	0	NA	NA
2735	urltest44_2735	36875	40330	40338	6	1	0	NA	NA
2735	urltest44_2735	36872	40330	40326	6	1	0	NA	NA
2735	urltest44_2735	36871	40326	40327	6	1	0	NA	NA
2735	urltest44_2735	36870	40327	40333	6	1	1	NA	NA
2737	urltest45_2737	36914	40369	40352	6	0	1	NA	NA
2737	urltest45_2737	36917	40345	40369	6	1	0	NA	NA
2737	urltest45_2737	36915	40369	40348	6	1	1	NA	NA
2737	urltest45_2737	36913	40351	40369	6	0	0	NA	NA
2737	urltest45_2737	36895	40345	40348	6	1	1	NA	NA
2737	urltest45_2737	36903	40362	40350	6	1	1	NA	NA
2737	urltest45_2737	36904	40362	40357	6	1	0	NA	NA
2737	urltest45_2737	36902	40362	40349	6	1	0	NA	NA
2737	urltest45_2737	36900	40362	40345	6	1	0	NA	NA
2737	urltest45_2737	36896	40345	40356	6	1	1	NA	NA
2737	urltest45_2737	36893	40345	40355	6	1	1	NA	NA
2737	urltest45_2737	36890	40345	40351	6	1	1	NA	NA
2737	urltest45_2737	36889	40348	40352	6	0	0	NA	NA
2738	urltest46_2738	36916	40358	40367	9	1	1	NA	NA
2738	urltest46_2738	36912	40363	40366	9	1	1	NA	NA
2738	urltest46_2738	36911	40364	40366	9	1	1	NA	NA
2738	urltest46_2738	36910	40365	40367	9	1	1	NA	NA
2738	urltest46_2738	36909	40358	40368	9	1	1	NA	NA
2738	urltest46_2738	36908	40361	40365	9	1	1	NA	NA
2738	urltest46_2738	36907	40361	40364	9	1	1	NA	NA
2738	urltest46_2738	36906	40359	40365	6	1	1	NA	NA
2738	urltest46_2738	36905	40358	40363	6	1	1	NA	NA
2738	urltest46_2738	36899	40358	40361	6	1	1	NA	NA
2738	urltest46_2738	36898	40359	40361	6	1	1	NA	NA
2739	urltest47_2739	36938	40381	40370	6	0	1	NA	NA
2739	urltest47_2739	36937	40382	40377	6	1	1	NA	NA
2739	urltest47_2739	36936	40374	40382	6	1	1	NA	NA
2739	urltest47_2739	36935	40380	40379	6	1	1	NA	NA
2739	urltest47_2739	36933	40379	40381	6	1	1	NA	NA
2739	urltest47_2739	36932	40378	40379	6	1	1	NA	NA
2739	urltest47_2739	36930	40374	40375	6	1	1	NA	NA
2739	urltest47_2739	36929	40377	40370	6	0	1	NA	NA
2739	urltest47_2739	36928	40376	40377	6	1	1	NA	NA
2739	urltest47_2739	36926	40374	40376	6	1	1	NA	NA
2739	urltest47_2739	36923	40371	40373	6	1	1	NA	NA
2739	urltest47_2739	36922	40371	40372	6	1	1	NA	NA
2739	urltest47_2739	36918	40370	40371	6	1	1	NA	NA
2741	urltest48_2741	36953	40390	40393	6	1	1	NA	NA
2741	urltest48_2741	36951	40390	40391	6	1	1	NA	NA
2741	urltest48_2741	36949	40391	40390	6	1	0	NA	NA
2741	urltest48_2741	36948	40390	40386	6	1	1	NA	NA
2741	urltest48_2741	36947	40389	40384	6	0	1	NA	NA
2741	urltest48_2741	36946	40389	40385	6	1	1	NA	NA
2741	urltest48_2741	36945	40389	40388	6	1	1	NA	NA
2745	urltest49_2745	36977	40420	40421	6	1	0	NA	NA
2745	urltest49_2745	36976	40421	40420	6	1	1	NA	NA
2745	urltest49_2745	36975	40404	40420	6	1	1	NA	NA
2745	urltest49_2745	36973	40409	40418	6	1	1	NA	NA
2745	urltest49_2745	36972	40417	40418	6	1	1	NA	NA
2745	urltest49_2745	36971	40410	40417	6	1	0	NA	NA
2745	urltest49_2745	36970	40410	40416	6	1	0	NA	NA
2745	urltest49_2745	36969	40415	40409	6	1	1	NA	NA
2745	urltest49_2745	36968	40414	40415	6	1	1	NA	NA
2745	urltest49_2745	36966	40413	40414	6	1	1	NA	NA
2745	urltest49_2745	36964	40404	40410	6	1	1	NA	NA
2744	urltest52_2744	36962	40397	40407	6	1	0	NA	NA
2744	urltest52_2744	36959	40397	40402	6	0	0	NA	NA
2744	urltest52_2744	36958	40398	40400	6	1	0	NA	NA
2744	urltest52_2744	36957	40401	40398	6	1	1	NA	NA
2746	urltest53_2746	36989	40422	40431	6	1	0	NA	NA
2746	urltest53_2746	36987	40430	40422	6	1	0	NA	NA
2746	urltest53_2746	36985	40423	40425	6	1	0	NA	NA
2746	urltest53_2746	36981	40429	40428	6	0	0	NA	NA
2746	urltest53_2746	36979	40424	40426	6	1	0	NA	NA
2746	urltest53_2746	36978	40426	40427	6	1	0	NA	NA
2747	urltest54_2747	37006	40443	40437	6	0	0	NA	NA
2747	urltest54_2747	37005	40437	40442	6	0	0	NA	NA
2747	urltest54_2747	37004	40442	40437	6	0	0	NA	NA
2747	urltest54_2747	37003	40435	40441	6	0	1	NA	NA
2747	urltest54_2747	37002	40435	40440	6	1	0	NA	NA
2747	urltest54_2747	37001	40433	40438	6	0	1	NA	NA
2747	urltest54_2747	37000	40438	40433	6	0	0	NA	NA
2747	urltest54_2747	36999	40439	40438	6	1	1	NA	NA
2747	urltest54_2747	36998	40432	40439	6	1	0	NA	NA
2747	urltest54_2747	36996	40433	40435	6	0	1	NA	NA
2747	urltest54_2747	36995	40437	40433	6	0	1	NA	NA
2747	urltest54_2747	36994	40433	40435	6	0	0	NA	NA
2747	urltest54_2747	36993	40433	40434	6	0	0	NA	NA
2747	urltest54_2747	36991	40438	40432	6	0	0	NA	NA
2748	urltest55_2748	37017	40449	40450	6	0	1	NA	NA
2748	urltest55_2748	37016	40449	40446	6	0	1	NA	NA
2748	urltest55_2748	37015	40448	40447	6	0	1	NA	NA
2748	urltest55_2748	37009	40446	40445	6	1	1	NA	NA
2748	urltest55_2748	37007	40448	40445	6	0	1	NA	NA
2749	urltest58_2749	37035	40457	40461	6	1	1	NA	NA
2749	urltest58_2749	37033	40460	40453	9	1	1	NA	NA
2749	urltest58_2749	37032	40457	40460	6	1	1	NA	NA
2749	urltest58_2749	37031	40459	40458	6	1	1	NA	NA
2749	urltest58_2749	37030	40457	40459	6	1	1	NA	NA
2749	urltest58_2749	37029	40454	40458	6	1	1	NA	NA
2749	urltest58_2749	37028	40457	40456	6	1	1	NA	NA
2749	urltest58_2749	37027	40457	40454	6	1	1	NA	NA
2749	urltest58_2749	37025	40457	40452	9	1	1	NA	NA
2749	urltest58_2749	37024	40457	40455	6	1	1	NA	NA
2751	urltest60_2751	37038	40464	40466	6	1	1	NA	NA
2751	urltest60_2751	37037	40464	40463	6	1	1	NA	NA
2751	urltest60_2751	37039	40466	40465	6	1	0	NA	NA
2751	urltest60_2751	37036	40463	40465	9	0	0	NA	NA
2753	urltest63_2753	37079	40475	40483	6	1	0	NA	NA
2753	urltest63_2753	37078	40475	40476	6	1	0	NA	NA
2753	urltest63_2753	37077	40475	40484	6	1	0	NA	NA
2753	urltest63_2753	37075	40489	40485	6	1	0	NA	NA
2753	urltest63_2753	37070	40478	40481	6	1	1	NA	NA
2753	urltest63_2753	37069	40490	40488	6	1	1	NA	NA
2753	urltest63_2753	37068	40490	40487	6	1	1	NA	NA
2753	urltest63_2753	37067	40490	40478	6	1	1	NA	NA
2753	urltest63_2753	37066	40479	40490	6	1	0	NA	NA
2753	urltest63_2753	37065	40479	40480	6	1	0	NA	NA
2753	urltest63_2753	37064	40490	40479	6	1	0	NA	NA
2753	urltest63_2753	37063	40490	40480	6	1	0	NA	NA
2753	urltest63_2753	37060	40480	40482	6	1	0	NA	NA
2754	urltest66_2754	37093	40496	40501	6	1	1	NA	NA
2754	urltest66_2754	37091	40499	40493	6	0	1	NA	NA
2754	urltest66_2754	37090	40492	40499	6	1	0	NA	NA
2754	urltest66_2754	37089	40498	40497	6	1	1	NA	NA
2754	urltest66_2754	37087	40497	40493	6	1	1	NA	NA
2754	urltest66_2754	37086	40496	40497	6	1	1	NA	NA
2754	urltest66_2754	37085	40496	40492	6	1	1	NA	NA
2754	urltest66_2754	37083	40495	40493	6	0	1	NA	NA
2754	urltest66_2754	37082	40492	40495	6	1	1	NA	NA
2754	urltest66_2754	37080	40494	40493	6	0	1	NA	NA
2755	urltest67_2755	37104	40512	40509	6	1	1	NA	NA
2755	urltest67_2755	37103	40507	40512	6	0	1	NA	NA
2755	urltest67_2755	37101	40505	40509	6	0	1	NA	NA
2755	urltest67_2755	37100	40510	40504	6	1	1	NA	NA
2755	urltest67_2755	37099	40508	40509	9	0	1	NA	NA
2755	urltest67_2755	37096	40506	40504	6	1	1	NA	NA
2759	urltest68_2759	37141	40539	40542	6	1	1	NA	NA
2759	urltest68_2759	37140	40535	40544	6	0	1	NA	NA
2759	urltest68_2759	37139	40540	40533	6	1	1	NA	NA
2756	urltest69_2756	37119	40513	40521	6	1	1	NA	NA
2756	urltest69_2756	37118	40514	40521	6	1	1	NA	NA
2756	urltest69_2756	37117	40522	40519	6	1	0	NA	NA
2756	urltest69_2756	37116	40513	40522	9	1	1	NA	NA
2756	urltest69_2756	37115	40518	40520	6	1	1	NA	NA
2756	urltest69_2756	37114	40515	40520	6	1	1	NA	NA
2756	urltest69_2756	37113	40514	40515	6	1	0	NA	NA
2756	urltest69_2756	37112	40516	40518	6	0	1	NA	NA
2756	urltest69_2756	37111	40518	40514	6	1	1	NA	NA
2756	urltest69_2756	37110	40518	40513	9	1	1	NA	NA
2756	urltest69_2756	37109	40514	40513	9	1	1	NA	NA
2756	urltest69_2756	37108	40518	40519	6	1	0	NA	NA
2756	urltest69_2756	37105	40519	40516	6	1	1	NA	NA
2758	urltest70_2758	37134	40530	40528	9	0	1	NA	NA
2758	urltest70_2758	37133	40531	40528	9	0	1	NA	NA
2758	urltest70_2758	37131	40530	40529	9	0	1	NA	NA
2758	urltest70_2758	37130	40527	40529	9	0	1	NA	NA
2760	urltest72_2760	37146	40235	40549	6	1	1	NA	NA
2760	urltest72_2760	37145	40235	40547	6	1	1	NA	NA
2760	urltest72_2760	37148	40549	40550	6	1	1	NA	NA
2760	urltest72_2760	37151	40549	40548	6	1	1	NA	NA
2760	urltest72_2760	37155	40235	40548	6	1	1	NA	NA
2760	urltest72_2760	37153	40235	40547	6	1	0	NA	NA
2760	urltest72_2760	37149	40235	40551	6	1	1	NA	NA
2766	urltest74_2766	37175	40556	40557	9	1	1	NA	NA
2766	urltest74_2766	37165	40555	40556	6	1	1	NA	NA
2766	urltest74_2766	37172	40552	40553	9	1	1	NA	NA
2766	urltest74_2766	37171	40552	40558	9	1	1	NA	NA
2766	urltest74_2766	37161	40554	40553	6	0	0	NA	NA
2766	urltest74_2766	37160	40554	40558	6	1	0	NA	NA
2766	urltest74_2766	37159	40558	40563	6	1	0	NA	NA
2766	urltest74_2766	37158	40558	40562	6	1	0	NA	NA
2766	urltest74_2766	37157	40554	40557	6	1	0	NA	NA
2769	urltest76_2769	37193	40575	40598	6	1	1	NA	NA
2769	urltest76_2769	37186	40596	40575	9	1	1	NA	NA
2769	urltest76_2769	37185	40594	40575	9	1	1	NA	NA
2769	urltest76_2769	37184	40587	40594	6	1	1	NA	NA
2769	urltest76_2769	37183	40590	40587	6	1	1	NA	NA
2769	urltest76_2769	37182	40589	40587	6	1	1	NA	NA
2769	urltest76_2769	37180	40575	40584	6	1	1	NA	NA
2769	urltest76_2769	37179	40575	40573	6	0	1	NA	NA
2769	urltest76_2769	37177	40575	40571	6	0	1	NA	NA
2769	urltest76_2769	37176	40572	40575	6	0	0	NA	NA
2771	urltest77_2771	37214	40588	40613	6	1	1	NA	NA
2771	urltest77_2771	37206	40583	40591	6	1	1	NA	NA
2771	urltest77_2771	37205	40615	40614	6	1	1	NA	NA
2771	urltest77_2771	37204	40613	40614	6	1	0	NA	NA
2771	urltest77_2771	37203	40613	40615	6	1	1	NA	NA
2771	urltest77_2771	37202	40601	40593	6	1	0	NA	NA
2771	urltest77_2771	37201	40601	40592	6	1	0	NA	NA
2771	urltest77_2771	37200	40586	40599	6	0	0	NA	NA
2771	urltest77_2771	37198	40592	40591	6	1	0	NA	NA
2771	urltest77_2771	37197	40593	40591	6	0	0	NA	NA
2771	urltest77_2771	37196	40592	40586	6	1	1	NA	NA
2771	urltest77_2771	37187	40597	40595	6	1	1	NA	NA
2768	urltest78_2768	37166	40559	40564	6	1	1	NA	NA
2768	urltest78_2768	37162	40565	40568	9	1	1	NA	NA
2772	urltest80_2772	37217	40611	40608	6	1	0	NA	NA
2772	urltest80_2772	37216	40606	40608	6	1	0	NA	NA
2772	urltest80_2772	37215	40608	40605	6	1	0	NA	NA
2772	urltest80_2772	37213	40603	40616	6	1	0	NA	NA
2772	urltest80_2772	37212	40616	40618	6	1	0	NA	NA
2772	urltest80_2772	37211	40616	40617	6	1	0	NA	NA
2772	urltest80_2772	37210	40616	40620	6	1	0	NA	NA
2772	urltest80_2772	37209	40620	40600	6	1	0	NA	NA
2776	urltest82_2776	37252	40653	40654	9	1	1	NA	NA
2776	urltest82_2776	37251	40652	40653	6	1	1	NA	NA
2776	urltest82_2776	37250	40646	40652	9	1	0	NA	NA
2776	urltest82_2776	37249	40652	40630	9	1	0	NA	NA
2776	urltest82_2776	37248	40646	40630	9	1	0	NA	NA
2776	urltest82_2776	37247	40646	40649	6	1	1	NA	NA
2776	urltest82_2776	37246	40650	40632	6	0	1	NA	NA
2776	urltest82_2776	37245	40646	40650	6	1	1	NA	NA
2776	urltest82_2776	37236	40630	40635	6	1	1	NA	NA
2776	urltest82_2776	37235	40630	40632	6	1	1	NA	NA
2777	urltest83_2777	37242	40638	40641	6	1	1	NA	NA
2777	urltest83_2777	37241	40641	40644	6	0	1	NA	NA
2777	urltest83_2777	37239	40637	40644	6	1	1	NA	NA
2777	urltest83_2777	37231	40638	40637	6	1	0	NA	NA
2777	urltest83_2777	37229	40634	40639	6	0	0	NA	NA
2774	urltest84_2774	37243	40648	40643	6	0	0	NA	NA
2774	urltest84_2774	37240	40643	40647	6	1	1	NA	NA
2774	urltest84_2774	37237	40621	40645	6	1	1	NA	NA
2774	urltest84_2774	37225	40621	40631	6	1	1	NA	NA
2774	urltest84_2774	37224	40626	40628	6	0	1	NA	NA
2774	urltest84_2774	37223	40624	40626	6	1	1	NA	NA
2774	urltest84_2774	37221	40622	40623	6	1	1	NA	NA
2789	urltest85_2789	37290	40688	40683	6	0	1	NA	NA
2789	urltest85_2789	37289	40688	40686	6	1	1	NA	NA
2789	urltest85_2789	37288	40686	40677	6	1	1	NA	NA
2789	urltest85_2789	37287	40683	40690	6	1	1	NA	NA
2789	urltest85_2789	37285	40683	40687	6	1	1	NA	NA
2789	urltest85_2789	37284	40677	40683	6	1	0	NA	NA
2788	urltest86_2788	37286	40685	40689	6	1	1	NA	NA
2788	urltest86_2788	37283	40675	40684	6	1	1	NA	NA
2788	urltest86_2788	37281	40678	40675	6	1	1	NA	NA
2788	urltest86_2788	37280	40679	40674	6	1	0	NA	NA
2788	urltest86_2788	37279	40673	40679	6	1	1	NA	NA
2788	urltest86_2788	37278	40673	40681	6	1	1	NA	NA
2788	urltest86_2788	37277	40673	40675	6	1	1	NA	NA
2788	urltest86_2788	37276	40675	40681	6	1	0	NA	NA
2788	urltest86_2788	37275	40682	40684	6	1	1	NA	NA
2788	urltest86_2788	37274	40673	40682	6	1	0	NA	NA
2788	urltest86_2788	37273	40673	40680	6	1	1	NA	NA
2788	urltest86_2788	37272	40685	40684	6	0	1	NA	NA
2788	urltest86_2788	37271	40678	40673	6	1	0	NA	NA
2790	urltest89_2790	37321	40704	40710	6	1	0	NA	NA
2790	urltest89_2790	37311	40692	40703	6	1	1	NA	NA
2790	urltest89_2790	37317	40692	40697	6	1	1	NA	NA
2790	urltest89_2790	37316	40692	40698	6	1	1	NA	NA
2790	urltest89_2790	37310	40710	40692	6	0	0	NA	NA
2790	urltest89_2790	37309	40692	40705	6	1	0	NA	NA
2790	urltest89_2790	37308	40697	40692	6	1	0	NA	NA
2790	urltest89_2790	37307	40698	40692	6	1	0	NA	NA
2790	urltest89_2790	37306	40694	40692	6	1	0	NA	NA
2790	urltest89_2790	37305	40693	40692	6	1	0	NA	NA
2790	urltest89_2790	37304	40692	40703	6	1	0	NA	NA
2790	urltest89_2790	37303	40710	40704	6	1	0	NA	NA
2790	urltest89_2790	37302	40704	40692	6	1	0	NA	NA
2791	urltest91_2791	37323	40720	40700	6	0	1	NA	NA
2791	urltest91_2791	37320	40712	40720	6	1	1	NA	NA
2791	urltest91_2791	37319	40719	40715	6	0	0	NA	NA
2791	urltest91_2791	37301	40699	40715	6	1	1	NA	NA
2791	urltest91_2791	37300	40711	40713	6	0	1	NA	NA
2791	urltest91_2791	37298	40713	40712	6	0	0	NA	NA
2791	urltest91_2791	37297	40696	40712	6	1	0	NA	NA
2791	urltest91_2791	37296	40696	40711	6	1	0	NA	NA
2791	urltest91_2791	37295	40696	40699	6	1	0	NA	NA
2791	urltest91_2791	37294	40699	40708	6	1	1	NA	NA
2791	urltest91_2791	37293	40699	40700	6	1	1	NA	NA
2794	urltest92_2794	37363	40760	40745	6	1	1	NA	NA
2794	urltest92_2794	37362	40761	40754	6	1	1	NA	NA
2794	urltest92_2794	37361	40760	40761	6	1	0	NA	NA
2794	urltest92_2794	37360	40731	40760	6	1	1	NA	NA
2794	urltest92_2794	37359	40759	40758	6	1	0	NA	NA
2794	urltest92_2794	37357	40758	40731	6	1	0	NA	NA
2794	urltest92_2794	37356	40748	40734	6	1	0	NA	NA
2794	urltest92_2794	37355	40746	40756	6	1	1	NA	NA
2794	urltest92_2794	37354	40733	40753	6	1	0	NA	NA
2794	urltest92_2794	37352	40753	40754	6	1	1	NA	NA
2794	urltest92_2794	37351	40747	40753	6	1	1	NA	NA
2794	urltest92_2794	37349	40746	40745	6	0	1	NA	NA
2794	urltest92_2794	37348	40731	40745	6	1	0	NA	NA
2794	urltest92_2794	37347	40734	40747	6	1	0	NA	NA
2794	urltest92_2794	37346	40731	40747	6	1	0	NA	NA
2794	urltest92_2794	37345	40731	40734	6	1	0	NA	NA
2794	urltest92_2794	37344	40748	40746	6	1	0	NA	NA
2794	urltest92_2794	37343	40731	40748	6	1	1	NA	NA
2794	urltest92_2794	37342	40731	40746	6	1	1	NA	NA
2794	urltest92_2794	37340	40733	40731	6	1	0	NA	NA
2795	urltest93_2795	37339	40744	40742	6	0	0	NA	NA
2795	urltest93_2795	37338	40736	40740	6	1	1	NA	NA
2795	urltest93_2795	37337	40736	40743	6	1	1	NA	NA
2795	urltest93_2795	37336	40743	40744	6	1	1	NA	NA
2795	urltest93_2795	37335	40736	40742	6	1	1	NA	NA
2795	urltest93_2795	37334	40738	40739	6	1	1	NA	NA
2795	urltest93_2795	37333	40737	40741	6	1	0	NA	NA
2795	urltest93_2795	37332	40741	40739	6	1	0	NA	NA
2795	urltest93_2795	37331	40741	40738	6	1	0	NA	NA
2795	urltest93_2795	37330	40736	40738	6	1	1	NA	NA
2795	urltest93_2795	37329	40736	40737	6	1	1	NA	NA
2796	urltest95_2796	37358	40757	40752	6	1	1	NA	NA
2796	urltest95_2796	37353	40755	40751	6	1	1	NA	NA
2796	urltest95_2796	37350	40752	40751	6	1	0	NA	NA
2797	urltest96_2797	37378	40772	40766	6	1	0	NA	NA
2797	urltest96_2797	37377	40772	40767	6	1	0	NA	NA
2797	urltest96_2797	37376	40772	40769	6	1	0	NA	NA
2797	urltest96_2797	37375	40769	40771	6	0	1	NA	NA
2797	urltest96_2797	37374	40768	40771	6	1	1	NA	NA
2797	urltest96_2797	37373	40770	40771	6	1	1	NA	NA
2797	urltest96_2797	37372	40766	40771	6	1	0	NA	NA
2797	urltest96_2797	37371	40771	40763	6	1	0	NA	NA
2797	urltest96_2797	37370	40763	40769	6	1	1	NA	NA
2797	urltest96_2797	37369	40767	40770	6	1	1	NA	NA
2797	urltest96_2797	37368	40766	40770	9	1	1	NA	NA
2797	urltest96_2797	37367	40763	40767	9	1	1	NA	NA
2797	urltest96_2797	37366	40767	40766	6	1	0	NA	NA
2797	urltest96_2797	37365	40763	40768	6	1	1	NA	NA
2797	urltest96_2797	37364	40763	40766	9	1	1	NA	NA
2798	urltest98_2798	37387	40780	40775	6	0	1	NA	NA
2798	urltest98_2798	37386	40780	40778	6	1	1	NA	NA
2798	urltest98_2798	37385	40774	40779	6	1	1	NA	NA
2798	urltest98_2798	37384	40777	40776	9	1	0	NA	NA
2798	urltest98_2798	37383	40775	40776	6	1	0	NA	NA
2798	urltest98_2798	37382	40774	40776	6	0	0	NA	NA
2798	urltest98_2798	37381	40777	40774	6	0	0	NA	NA
2798	urltest98_2798	37380	40775	40778	6	1	0	NA	NA
2798	urltest98_2798	37379	40774	40775	9	1	1	NA	NA
2801	urltest99_2801	37426	40800	40809	6	0	0	NA	NA
2801	urltest99_2801	37424	40794	40809	6	1	0	NA	NA
2801	urltest99_2801	37423	40808	40803	6	0	0	NA	NA
2801	urltest99_2801	37421	40792	40808	6	1	0	NA	NA
2801	urltest99_2801	37414	40802	40805	6	1	0	NA	NA
2801	urltest99_2801	37413	40792	40802	6	1	0	NA	NA
2801	urltest99_2801	37411	40792	40805	6	1	0	NA	NA
2801	urltest99_2801	37410	40792	40800	6	1	0	NA	NA
2801	urltest99_2801	37406	40800	40803	9	0	1	NA	NA
2801	urltest99_2801	37402	40800	40794	6	1	1	NA	NA
2800	urltest100_2800	37420	40807	40799	6	1	0	NA	NA
2800	urltest100_2800	37418	40785	40807	9	1	1	NA	NA
2800	urltest100_2800	37415	40801	40796	6	0	0	NA	NA
2800	urltest100_2800	37412	40799	40804	6	0	0	NA	NA
2800	urltest100_2800	37400	40785	40806	6	1	1	NA	NA
2800	urltest100_2800	37404	40806	40796	6	0	0	NA	NA
2800	urltest100_2800	37397	40806	40801	6	1	1	NA	NA
2800	urltest100_2800	37394	40796	40804	6	1	1	NA	NA
2800	urltest100_2800	37393	40785	40804	6	1	1	NA	NA
2800	urltest100_2800	37392	40785	40796	6	1	1	NA	NA
2800	urltest100_2800	37391	40799	40801	6	1	1	NA	NA
2800	urltest100_2800	37389	40785	40799	6	1	1	NA	NA
2799	urltest101_2799	37430	40797	40789	6	1	0	NA	NA
2799	urltest101_2799	37429	40783	40811	6	1	1	NA	NA
2799	urltest101_2799	37428	40810	40811	6	1	1	NA	NA
2799	urltest101_2799	37427	40795	40810	6	1	1	NA	NA
2799	urltest101_2799	37425	40782	40786	6	1	1	NA	NA
2799	urltest101_2799	37422	40788	40798	6	1	1	NA	NA
2799	urltest101_2799	37419	40783	40789	6	1	1	NA	NA
2799	urltest101_2799	37417	40797	40793	6	1	1	NA	NA
2799	urltest101_2799	37409	40782	40788	6	1	1	NA	NA
2799	urltest101_2799	37408	40795	40793	6	1	1	NA	NA
2799	urltest101_2799	37407	40782	40795	6	1	1	NA	NA
2799	urltest101_2799	37405	40789	40793	6	1	1	NA	NA
2799	urltest101_2799	37403	40782	40793	6	1	1	NA	NA
2799	urltest101_2799	37401	40782	40798	6	1	1	NA	NA
2799	urltest101_2799	37395	40786	40787	6	1	1	NA	NA
2799	urltest101_2799	37398	40782	40783	6	1	1	NA	NA
2799	urltest101_2799	37396	40786	40798	6	1	1	NA	NA
2806	urltest103_2806	37495	40848	40867	6	1	1	NA	NA
2806	urltest103_2806	37494	40850	40867	6	1	1	NA	NA
2806	urltest103_2806	37484	40848	40869	6	1	1	NA	NA
2806	urltest103_2806	37492	40856	40846	6	1	0	NA	NA
2806	urltest103_2806	37491	40843	40856	6	1	1	NA	NA
2806	urltest103_2806	37490	40843	40861	6	1	0	NA	NA
2806	urltest103_2806	37489	40843	40850	6	1	1	NA	NA
2806	urltest103_2806	37488	40843	40853	6	1	1	NA	NA
2806	urltest103_2806	37487	40843	40867	6	1	1	NA	NA
2806	urltest103_2806	37486	40843	40846	6	1	1	NA	NA
2806	urltest103_2806	37485	40843	40848	6	1	1	NA	NA
2806	urltest103_2806	37483	40867	40856	6	1	0	NA	NA
2808	urltest104_2808	37520	40873	40884	6	1	1	NA	NA
2808	urltest104_2808	37519	40879	40886	6	0	0	NA	NA
2808	urltest104_2808	37518	40881	40885	6	1	1	NA	NA
2808	urltest104_2808	37517	40875	40876	6	1	0	NA	NA
2808	urltest104_2808	37516	40881	40882	6	1	1	NA	NA
2808	urltest104_2808	37515	40880	40885	6	1	1	NA	NA
2808	urltest104_2808	37514	40875	40881	6	1	1	NA	NA
2808	urltest104_2808	37513	40880	40881	6	1	0	NA	NA
2808	urltest104_2808	37512	40875	40880	6	1	0	NA	NA
2808	urltest104_2808	37511	40875	40877	6	1	0	NA	NA
2808	urltest104_2808	37510	40886	40876	6	1	1	NA	NA
2808	urltest104_2808	37509	40871	40886	6	1	1	NA	NA
2808	urltest104_2808	37508	40871	40881	6	1	1	NA	NA
2808	urltest104_2808	37507	40874	40879	6	1	1	NA	NA
2808	urltest104_2808	37506	40874	40878	6	1	1	NA	NA
2808	urltest104_2808	37505	40878	40879	6	1	0	NA	NA
2808	urltest104_2808	37504	40872	40878	6	1	1	NA	NA
2808	urltest104_2808	37503	40872	40883	6	1	1	NA	NA
2808	urltest104_2808	37502	40883	40884	6	1	1	NA	NA
2808	urltest104_2808	37500	40874	40873	6	0	0	NA	NA
2808	urltest104_2808	37499	40872	40874	6	1	1	NA	NA
2808	urltest104_2808	37498	40872	40873	6	1	1	NA	NA
2808	urltest104_2808	37497	40871	40872	6	1	0	NA	NA
2808	urltest104_2808	37496	40871	40875	6	1	1	NA	NA
2802	urltest105_2802	37468	40862	40818	6	1	0	NA	NA
2802	urltest105_2802	37464	40857	40813	6	1	0	NA	NA
2802	urltest105_2802	37456	40852	40819	6	1	0	NA	NA
2802	urltest105_2802	37455	40852	40813	6	1	0	NA	NA
2802	urltest105_2802	37453	40815	40838	6	1	1	NA	NA
2802	urltest105_2802	37451	40827	40834	6	1	1	NA	NA
2802	urltest105_2802	37450	40834	40822	6	1	0	NA	NA
2802	urltest105_2802	37448	40834	40833	6	1	1	NA	NA
2802	urltest105_2802	37446	40833	40827	6	1	0	NA	NA
2802	urltest105_2802	37445	40830	40827	6	1	0	NA	NA
2802	urltest105_2802	37444	40830	40818	6	1	0	NA	NA
2802	urltest105_2802	37443	40827	40818	6	1	0	NA	NA
2802	urltest105_2802	37442	40819	40822	6	1	1	NA	NA
2802	urltest105_2802	37441	40814	40817	6	1	0	NA	NA
2802	urltest105_2802	37440	40816	40814	6	1	0	NA	NA
2802	urltest105_2802	37439	40816	40821	6	1	0	NA	NA
2802	urltest105_2802	37438	40821	40814	6	1	0	NA	NA
2802	urltest105_2802	37437	40821	40822	6	1	1	NA	NA
2802	urltest105_2802	37436	40817	40821	6	1	1	NA	NA
2802	urltest105_2802	37435	40819	40817	6	1	1	NA	NA
2802	urltest105_2802	37434	40819	40820	6	1	1	NA	NA
2802	urltest105_2802	37433	40818	40819	6	1	0	NA	NA
2802	urltest105_2802	37432	40813	40818	6	1	1	NA	NA
2802	urltest105_2802	37431	40813	40815	6	1	1	NA	NA
2803	urltest106_2803	37474	40863	40865	6	1	0	NA	NA
2803	urltest106_2803	37473	40859	40865	6	1	0	NA	NA
2803	urltest106_2803	37471	40824	40864	6	0	0	NA	NA
2803	urltest106_2803	37469	40824	40863	6	1	0	NA	NA
2803	urltest106_2803	37467	40828	40860	6	1	0	NA	NA
2803	urltest106_2803	37466	40824	40860	6	1	0	NA	NA
2803	urltest106_2803	37465	40859	40824	6	1	0	NA	NA
2803	urltest106_2803	37463	40824	40831	6	1	0	NA	NA
2803	urltest106_2803	37462	40832	40824	6	1	0	NA	NA
2803	urltest106_2803	37460	40824	40849	6	1	0	NA	NA
2803	urltest106_2803	37458	40849	40831	6	1	0	NA	NA
2803	urltest106_2803	37452	40835	40828	9	1	0	NA	NA
2803	urltest106_2803	37447	40832	40828	6	1	0	NA	NA
2805	urltest107_2805	37482	40868	40858	6	0	0	NA	NA
2805	urltest107_2805	37481	40866	40855	6	1	1	NA	NA
2805	urltest107_2805	37480	40866	40858	6	1	1	NA	NA
2805	urltest107_2805	37479	40837	40844	6	1	0	NA	NA
2805	urltest107_2805	37478	40839	40851	6	0	1	NA	NA
2805	urltest107_2805	37477	40847	40851	6	1	0	NA	NA
2805	urltest107_2805	37476	40847	40837	6	1	0	NA	NA
2805	urltest107_2805	37475	40839	40855	6	1	0	NA	NA
2805	urltest107_2805	37472	40839	40858	6	1	1	NA	NA
2805	urltest107_2805	37470	40837	40839	6	1	1	NA	NA
2804	urltest109_2804	37461	40826	40845	6	0	1	NA	NA
2804	urltest109_2804	37459	40826	40841	6	1	1	NA	NA
2804	urltest109_2804	37454	40826	40840	9	1	1	NA	NA
2804	urltest109_2804	37449	40826	40829	9	0	1	NA	NA
2809	urltest111_2809	37529	40895	40896	6	1	1	NA	NA
2809	urltest111_2809	37528	40895	40888	6	1	0	NA	NA
2809	urltest111_2809	37527	40893	40894	9	1	1	NA	NA
2809	urltest111_2809	37526	40892	40893	6	1	1	NA	NA
2809	urltest111_2809	37525	40892	40888	9	1	0	NA	NA
2809	urltest111_2809	37524	40888	40891	6	1	1	NA	NA
2809	urltest111_2809	37523	40888	40890	9	1	0	NA	NA
2809	urltest111_2809	37522	40889	40890	6	0	1	NA	NA
2809	urltest111_2809	37521	40888	40889	9	0	1	NA	NA
2810	urltest112_2810	37565	40898	40925	6	0	1	NA	NA
2810	urltest112_2810	37539	40898	40918	6	0	0	NA	NA
2810	urltest112_2810	37536	40898	40913	6	0	1	NA	NA
2810	urltest112_2810	37534	40898	40909	6	1	1	NA	NA
2810	urltest112_2810	37532	40898	40903	6	0	1	NA	NA
2810	urltest112_2810	37530	40898	40899	6	1	1	NA	NA
2811	urltest113_2811	37560	40904	40922	6	1	0	NA	NA
2811	urltest113_2811	37556	40922	40924	6	0	1	NA	NA
2811	urltest113_2811	37551	40901	40905	6	1	1	NA	NA
2811	urltest113_2811	37543	40901	40904	6	1	1	NA	NA
2811	urltest113_2811	37540	40901	40902	6	1	1	NA	NA
2811	urltest113_2811	37538	40902	40914	6	0	1	NA	NA
2811	urltest113_2811	37533	40905	40906	6	1	0	NA	NA
2811	urltest113_2811	37531	40902	40904	6	1	1	NA	NA
2812	urltest114_2812	37558	40919	40923	6	0	1	NA	NA
2812	urltest114_2812	37555	40919	40923	6	1	0	NA	NA
2812	urltest114_2812	37554	40921	40919	6	1	0	NA	NA
2812	urltest114_2812	37553	40920	40908	6	1	0	NA	NA
2812	urltest114_2812	37552	40921	40908	6	1	0	NA	NA
2812	urltest114_2812	37550	40912	40908	6	1	0	NA	NA
2812	urltest114_2812	37549	40911	40908	6	1	0	NA	NA
2812	urltest114_2812	37548	40910	40908	6	1	0	NA	NA
2812	urltest114_2812	37547	40917	40908	6	1	0	NA	NA
2812	urltest114_2812	37545	40916	40908	6	1	0	NA	NA
2812	urltest114_2812	37544	40915	40908	6	1	0	NA	NA
2812	urltest114_2812	37542	40916	40917	6	1	1	NA	NA
2812	urltest114_2812	37541	40915	40916	6	1	1	NA	NA
2814	urltest115_2814	37580	40951	40941	6	1	1	NA	NA
2814	urltest115_2814	37576	40944	40935	6	1	1	NA	NA
2814	urltest115_2814	37575	40941	40945	6	1	1	NA	NA
2814	urltest115_2814	37574	40937	40941	6	1	1	NA	NA
2813	urltest116_2813	37573	40927	40943	6	1	0	NA	NA
2813	urltest116_2813	37572	40929	40940	6	1	1	NA	NA
2813	urltest116_2813	37571	40934	40938	6	1	1	NA	NA
2813	urltest116_2813	37570	40928	40931	6	1	0	NA	NA
2813	urltest116_2813	37569	40927	40934	6	1	1	NA	NA
2813	urltest116_2813	37568	40927	40929	6	1	1	NA	NA
2813	urltest116_2813	37567	40927	40928	9	1	1	NA	NA
2813	urltest116_2813	37566	40930	40928	6	1	0	NA	NA
2815	urltest117_2815	37596	40948	40963	6	1	0	NA	NA
2815	urltest117_2815	37595	40964	40962	6	1	0	NA	NA
2815	urltest117_2815	37594	40947	40964	9	1	1	NA	NA
2815	urltest117_2815	37587	40962	40963	6	1	1	NA	NA
2815	urltest117_2815	37586	40947	40962	6	1	1	NA	NA
2815	urltest117_2815	37585	40952	40959	6	1	0	NA	NA
2815	urltest117_2815	37584	40952	40955	6	1	0	NA	NA
2815	urltest117_2815	37583	40952	40949	6	1	0	NA	NA
2815	urltest117_2815	37582	40952	40950	6	1	0	NA	NA
2815	urltest117_2815	37581	40947	40952	6	1	1	NA	NA
2815	urltest117_2815	37579	40948	40949	6	0	0	NA	NA
2815	urltest117_2815	37577	40947	40948	9	1	1	NA	NA
2818	urltest118_2818	37650	40987	41013	6	1	1	NA	NA
2818	urltest118_2818	37649	41013	40984	6	1	1	NA	NA
2818	urltest118_2818	37648	40986	41013	6	1	0	NA	NA
2818	urltest118_2818	37647	40979	40985	6	1	1	NA	NA
2818	urltest118_2818	37645	40976	40981	9	0	1	NA	NA
2818	urltest118_2818	37644	40987	40986	6	1	0	NA	NA
2818	urltest118_2818	37635	40987	40984	6	1	1	NA	NA
2818	urltest118_2818	37631	40987	40981	6	0	0	NA	NA
2818	urltest118_2818	37628	40986	40984	6	1	1	NA	NA
2818	urltest118_2818	37627	40985	40984	6	1	1	NA	NA
2818	urltest118_2818	37626	40986	40985	6	1	0	NA	NA
2818	urltest118_2818	37623	40981	40984	9	0	1	NA	NA
2818	urltest118_2818	37622	40979	40987	6	1	1	NA	NA
2818	urltest118_2818	37621	40976	40987	6	1	1	NA	NA
2818	urltest118_2818	37619	40979	40986	6	1	1	NA	NA
2818	urltest118_2818	37618	40976	40986	6	1	1	NA	NA
2818	urltest118_2818	37617	40979	40984	6	1	1	NA	NA
2818	urltest118_2818	37615	40979	40981	6	0	1	NA	NA
2818	urltest118_2818	37614	40976	40980	6	1	1	NA	NA
2818	urltest118_2818	37613	40976	40979	9	1	1	NA	NA
2816	urltest119_2816	37602	40966	40956	6	1	1	NA	NA
2816	urltest119_2816	37601	40967	40965	6	1	0	NA	NA
2816	urltest119_2816	37599	40966	40965	6	1	0	NA	NA
2816	urltest119_2816	37598	40965	40954	6	0	0	NA	NA
2816	urltest119_2816	37592	40954	40958	6	1	1	NA	NA
2816	urltest119_2816	37593	40958	40960	6	1	1	NA	NA
2816	urltest119_2816	37591	40957	40954	6	1	0	NA	NA
2816	urltest119_2816	37590	40961	40956	6	1	1	NA	NA
2816	urltest119_2816	37589	40954	40961	6	1	0	NA	NA
2817	urltest120_2817	37632	40972	40983	6	0	0	NA	NA
2817	urltest120_2817	37629	40969	40999	6	1	1	NA	NA
2817	urltest120_2817	37625	40991	40996	6	1	1	NA	NA
2817	urltest120_2817	37620	40969	40991	6	1	1	NA	NA
2817	urltest120_2817	37616	40983	40970	6	1	1	NA	NA
2817	urltest120_2817	37611	40971	40983	6	1	1	NA	NA
2817	urltest120_2817	37610	40973	40971	6	0	1	NA	NA
2817	urltest120_2817	37608	40974	40971	6	0	1	NA	NA
2817	urltest120_2817	37607	40972	40974	6	1	1	NA	NA
2817	urltest120_2817	37606	40970	40969	6	1	1	NA	NA
2817	urltest120_2817	37605	40969	40973	6	1	1	NA	NA
2817	urltest120_2817	37604	40969	40971	6	1	1	NA	NA
2817	urltest120_2817	37603	40972	40970	6	1	1	NA	NA
2821	urltest121_2821	37680	41030	41024	6	1	0	NA	NA
2821	urltest121_2821	37679	41026	41008	6	1	1	NA	NA
2821	urltest121_2821	37675	41024	41025	6	1	0	NA	NA
2821	urltest121_2821	37674	41025	41026	6	1	1	NA	NA
2821	urltest121_2821	37668	41006	41024	6	1	0	NA	NA
2821	urltest121_2821	37667	41025	41024	6	0	0	NA	NA
2821	urltest121_2821	37666	41025	41008	6	1	1	NA	NA
2821	urltest121_2821	37653	41016	41015	6	1	1	NA	NA
2821	urltest121_2821	37652	41006	41015	6	1	1	NA	NA
2821	urltest121_2821	37651	41006	41016	6	1	1	NA	NA
2821	urltest121_2821	37646	41006	41008	6	1	1	NA	NA
2819	urltest122_2819	37643	40995	40978	6	1	0	NA	NA
2819	urltest122_2819	37642	40990	40978	6	1	1	NA	NA
2819	urltest122_2819	37640	40997	40978	6	0	1	NA	NA
2819	urltest122_2819	37639	40989	40978	6	1	0	NA	NA
2819	urltest122_2819	37638	40993	40978	6	0	1	NA	NA
2819	urltest122_2819	37637	40988	40978	6	1	1	NA	NA
2819	urltest122_2819	37636	41000	40978	6	0	1	NA	NA
2819	urltest122_2819	37634	40994	40978	6	0	1	NA	NA
2819	urltest122_2819	37633	40982	40978	6	1	1	NA	NA
2819	urltest122_2819	37630	40998	40978	6	0	0	NA	NA
2820	urltest123_2820	37665	41007	41004	6	1	0	NA	NA
2820	urltest123_2820	37664	41003	41009	6	1	1	NA	NA
2820	urltest123_2820	37660	41003	41011	6	1	0	NA	NA
2820	urltest123_2820	37657	41004	41011	6	1	0	NA	NA
2820	urltest123_2820	37656	41011	41002	6	1	0	NA	NA
2822	urltest124_2822	37678	41018	41029	6	1	1	NA	NA
2822	urltest124_2822	37677	41018	41028	6	1	1	NA	NA
2822	urltest124_2822	37676	41018	41027	6	1	1	NA	NA
2822	urltest124_2822	37673	41022	41023	6	1	1	NA	NA
2822	urltest124_2822	37672	41021	41022	6	0	1	NA	NA
2822	urltest124_2822	37671	41019	41021	6	1	1	NA	NA
2822	urltest124_2822	37670	41018	41019	6	1	1	NA	NA
2828	urltest126_2828	37775	41102	41110	6	1	1	NA	NA
2828	urltest126_2828	37774	41103	41110	6	1	1	NA	NA
2828	urltest126_2828	37773	41101	41110	6	1	1	NA	NA
2828	urltest126_2828	37772	41107	41105	6	1	0	NA	NA
2828	urltest126_2828	37771	41104	41109	6	1	0	NA	NA
2828	urltest126_2828	37770	41103	41109	6	1	1	NA	NA
2828	urltest126_2828	37769	41101	41109	6	1	1	NA	NA
2828	urltest126_2828	37768	41103	41108	6	1	1	NA	NA
2828	urltest126_2828	37767	41102	41108	6	1	1	NA	NA
2828	urltest126_2828	37766	41107	41104	6	0	0	NA	NA
2828	urltest126_2828	37765	41106	41104	6	0	0	NA	NA
2828	urltest126_2828	37764	41106	41107	6	1	0	NA	NA
2828	urltest126_2828	37763	41107	41102	6	1	0	NA	NA
2828	urltest126_2828	37762	41102	41106	6	1	0	NA	NA
2828	urltest126_2828	37761	41106	41102	6	1	0	NA	NA
2828	urltest126_2828	37759	41105	41104	6	1	0	NA	NA
2828	urltest126_2828	37758	41102	41105	6	1	1	NA	NA
2828	urltest126_2828	37757	41101	41104	6	1	1	NA	NA
2828	urltest126_2828	37756	41101	41103	6	1	1	NA	NA
2828	urltest126_2828	37755	41101	41102	6	1	0	NA	NA
2826	urltest127_2826	37729	41065	41094	6	1	1	NA	NA
2826	urltest127_2826	37717	41090	41093	6	1	1	NA	NA
2826	urltest127_2826	37712	41069	41090	6	1	1	NA	NA
2826	urltest127_2826	37708	41065	41087	6	1	1	NA	NA
2826	urltest127_2826	37706	41069	41083	6	1	1	NA	NA
2826	urltest127_2826	37703	41065	41070	6	1	1	NA	NA
2826	urltest127_2826	37702	41065	41069	6	1	1	NA	NA
2823	urltest128_2823	37710	41034	41038	6	1	0	NA	NA
2823	urltest128_2823	37709	41034	41086	6	1	0	NA	NA
2823	urltest128_2823	37707	41037	41086	6	1	1	NA	NA
2823	urltest128_2823	37705	41081	41040	6	0	0	NA	NA
2823	urltest128_2823	37704	41042	41081	6	1	0	NA	NA
2823	urltest128_2823	37701	41032	41074	6	0	1	NA	NA
2823	urltest128_2823	37699	41041	41043	6	1	1	NA	NA
2823	urltest128_2823	37698	41032	41041	6	1	1	NA	NA
2823	urltest128_2823	37697	41047	41046	6	1	1	NA	NA
2823	urltest128_2823	37695	41044	41045	6	1	1	NA	NA
2823	urltest128_2823	37694	41032	41044	6	1	1	NA	NA
2823	urltest128_2823	37696	41047	41044	6	1	0	NA	NA
2823	urltest128_2823	37692	41032	41042	9	1	1	NA	NA
2823	urltest128_2823	37691	41040	41039	6	1	1	NA	NA
2823	urltest128_2823	37690	41032	41040	6	1	1	NA	NA
2823	urltest128_2823	37689	41032	41039	6	1	1	NA	NA
2823	urltest128_2823	37688	41037	41038	6	1	1	NA	NA
2823	urltest128_2823	37687	41032	41037	6	1	1	NA	NA
2823	urltest128_2823	37686	41032	41033	9	1	0	NA	NA
2823	urltest128_2823	37685	41034	41035	6	1	1	NA	NA
2823	urltest128_2823	37684	41033	41036	6	1	1	NA	NA
2823	urltest128_2823	37683	41033	41035	6	1	1	NA	NA
2823	urltest128_2823	37681	41034	41033	6	1	0	NA	NA
2825	urltest129_2825	37750	41056	41067	9	1	1	NA	NA
2825	urltest129_2825	37747	41053	41055	9	1	0	NA	NA
2825	urltest129_2825	37745	41071	41072	6	1	1	NA	NA
2825	urltest129_2825	37742	41053	41085	6	0	0	NA	NA
2825	urltest129_2825	37711	41055	41058	9	0	1	NA	NA
2825	urltest129_2825	37721	41053	41067	6	0	1	NA	NA
2825	urltest129_2825	37719	41053	41056	9	1	1	NA	NA
2825	urltest129_2825	37716	41055	41079	6	1	1	NA	NA
2825	urltest129_2825	37715	41060	41072	9	1	1	NA	NA
2825	urltest129_2825	37714	41055	41060	6	0	1	NA	NA
2825	urltest129_2825	37713	41055	41063	9	0	1	NA	NA
2824	urltest130_2824	37743	41051	41076	6	0	0	NA	NA
2824	urltest130_2824	37741	41082	41059	6	0	0	NA	NA
2824	urltest130_2824	37740	41080	41082	6	1	0	NA	NA
2824	urltest130_2824	37737	41073	41076	6	1	1	NA	NA
2824	urltest130_2824	37734	41073	41075	6	1	0	NA	NA
2824	urltest130_2824	37731	41075	41073	6	1	0	NA	NA
2824	urltest130_2824	37730	41049	41059	6	1	1	NA	NA
2824	urltest130_2824	37728	41073	41068	6	1	1	NA	NA
2824	urltest130_2824	37727	41049	41073	6	1	1	NA	NA
2824	urltest130_2824	37726	41050	41051	6	1	0	NA	NA
2824	urltest130_2824	37725	41049	41050	6	1	0	NA	NA
2824	urltest130_2824	37724	41082	41068	6	1	0	NA	NA
2824	urltest130_2824	37722	41082	41054	6	1	1	NA	NA
2824	urltest130_2824	37720	41066	41057	6	1	1	NA	NA
2824	urltest130_2824	37718	41062	41057	6	1	1	NA	NA
2827	urltest131_2827	37754	41095	41099	6	1	0	NA	NA
2827	urltest131_2827	37753	41097	41098	6	1	0	NA	NA
2827	urltest131_2827	37752	41078	41097	9	1	0	NA	NA
2827	urltest131_2827	37751	41078	41096	9	1	0	NA	NA
2827	urltest131_2827	37749	41095	41078	6	1	0	NA	NA
2827	urltest131_2827	37736	41092	41078	6	1	0	NA	NA
2827	urltest131_2827	37735	41091	41078	9	1	0	NA	NA
2827	urltest131_2827	37732	41078	41089	9	1	0	NA	NA
